UTC:   2021-01-16 16:03:01.054746+00:00
Local: 2021-01-16 16:03:01.054746+00:00
